4294967294,0
7,0
33,203
33,202
33,200
33,199
4294967279,88
4294967279,303
4294967279,138
4294967278,225
33,198
4294967279,398
4294967279,397
33,197
4294967279,274
4294967279,300
25,2
4294967278,223
25,4
33,196
4294967279,488
33,195
33,194
4294967279,287
81,7
49,6
4294967279,298
4294967279,266
33,128
4294967279,264
4294967279,247
4294967279,262
4294967278,362
4294967279,284
4294967278,395
33,146
33,145
33,144
33,143
33,140
33,139
33,138
33,86
33,85
33,82
33,10
20,5
111,7
5,5
107,4
107,5
4294967294,1430
4294967294,491
4294967294,1459
4294967294,1458
4294967294,490
4294967278,260
4294967278,174
7,8
7,7
7,5
4294967278,273
4294967278,327
7,35
7,19
7,28
7,15
4294967278,379
4294967278,323
4294967294,1432
23,4
23,6
9,4
7,17
7,34
7,32
7,11
7,23
7,21
30,4
27,4
27,5
7,10
4294967278,322
4294967279,412
33,101
4294967278,359
33,100
33,99
95,14
4294967278,254
95,1
4294967279,430
4294967279,0
4294967294,7
4294967278,357
7,25
7,12
33,98
33,97
150,5
151,6
33,90
95,13
95,4
29,4
7,26
7,24
7,2
4294967278,363
33,6
33,96
33,89
33,2
33,0
4294967278,250
47,6
13,6
14,5
35,4
47,4
33,64
33,201
33,190
33,193
33,119
13,4
7,20
7,13
7,4
10,4
143,4
4294967294,1434
4294967294,505
5,4
4294967294,1437
4294967294,22
4294967294,502
4294967294,504
4294967278,132
4294967278,131
4294967278,130
4294967278,129
4294967278,128
4294967278,127
4294967278,126
4294967278,125
4294967278,124
4294967278,123
4294967278,122
4294967278,121
4294967278,120
4294967278,119
4294967278,118
4294967278,117
4294967278,116
4294967278,115
4294967278,114
4294967278,113
4294967278,112
4294967278,111
4294967278,110
4294967278,109
4294967278,108
4294967278,383
4294967278,107
4294967278,106
4294967278,221
4294967278,105
4294967278,104
4294967278,103
4294967278,102
4294967278,101
4294967278,100
4294967278,439
4294967278,99
4294967278,98
4294967278,373
4294967278,97
4294967278,349
4294967278,96
4294967278,95
4294967278,94
4294967278,429
4294967278,93
4294967278,92
4294967278,420
4294967278,91
4294967278,90
4294967278,89
4294967278,87
4294967278,86
4294967278,85
4294967278,295
4294967278,84
4294967278,348
4294967278,83
4294967278,409
4294967278,82
4294967278,411
4294967278,81
4294967278,80
4294967278,79
4294967278,78
4294967278,77
4294967278,76
4294967278,75
4294967278,74
4294967278,73
4294967278,72
4294967278,399
4294967278,71
4294967278,70
4294967278,69
4294967278,286
4294967278,68
4294967278,67
4294967278,347
4294967278,66
4294967278,65
4294967278,64
4294967278,63
4294967278,306
4294967278,62
4294967278,61
4294967278,60
4294967278,59
4294967278,58
4294967278,312
4294967278,350
4294967278,2
4294967278,0
4294967279,260
4294967279,451
4294967279,74
4294967279,72
4294967279,469
4294967279,68
4294967279,67
4294967279,65
4294967279,62
4294967279,58
4294967279,57
4294967279,56
4294967279,55
4294967279,51
4294967279,48
4294967279,466
4294967279,46
4294967279,42
4294967279,35
4294967279,308
4294967279,307
4294967279,33
4294967279,251
4294967279,317
4294967279,476
4294967279,27
4294967279,24
4294967279,9
4294967279,8
4294967279,7
4294967279,473
4294967279,6
4294967279,474
4294967279,5
4294967279,297
4294967279,4
4294967294,497
123,5
33,71
33,70
33,69
7,6
7,30
7,27
7,16
33,88
33,1
33,77
13,1
33,75
33,212
47,5
33,76
33,72
33,211
33,65
33,191
33,120
33,118
33,117
33,114
33,113
33,112
33,111
33,110
33,109
33,108
33,107
33,106
33,105
33,104
33,103
33,102
33,91
33,4
33,5
9,5
18,8
18,7
18,6
18,5
18,4
17,4
26,4
26,5
7,36
7,18
7,29
7,1
7,9
20,4
4294967294,1
4294967294,36
4294967294,1436
4294967294,1448
5,1
107,1
9,1
23,7
13,5
7,14
0,5
4294967294,82
14,4
15,4
4294967294,1426
4294967294,6
4294967294,5
4294967294,93
4294967294,95
4294967294,17
4294967294,67
4294967294,41
4294967294,52
4294967294,25
4294967294,484
4294967294,486
4294967294,26
4294967294,1420
4294967294,1424
4294967278,219
4294967294,1431
4294967294,509
4294967278,440
158,8
158,7
158,6
158,5
158,4
158,3
158,2
158,1
4294967278,217
4294967279,282
4294967278,215
4294967294,508
4294967294,1452
157,9
157,8
157,7
157,6
157,5
157,4
157,3
157,2
157,1
4294967279,491
4294967278,402
4294967279,490
4294967278,401
4294967294,1451
4294967279,487
4294967278,319
4294967279,485
4294967278,318
4294967278,317
4294967278,316
4294967278,315
